1.01243	0
1.01418	237.037
1.21967	4.16626
1.22624	5.98271
1.23607	7.57887
1.23945	9.29741
1.25579	10.3819
1.25605	12.0775
1.27562	12.7597
1.27816	14.2024
1.28479	15.3835
1.28922	16.6396
1.29617	17.6976
1.31017	18.2624
1.3223	18.8897
1.3299	19.7475
1.35174	19.7025
1.3584	20.5253
1.36604	21.258
1.36973	22.2023
1.37025	23.3322
1.37364	24.2646
1.39978	23.7013
1.40015	24.7512
1.40112	25.7593
1.40665	26.453
1.42137	26.518
1.43853	26.4264
1.45732	26.2454
1.47229	26.2957
1.48761	26.3233
1.505	26.2386
1.51815	26.3788
1.53452	26.3485
1.55423	26.1579
1.56981	26.1731
1.587	26.114
1.60357	26.0858
1.61967	26.0792
1.63475	26.1157
1.65283	26.028
1.66779	26.0686
1.68299	26.0981
1.70197	25.9831
1.71808	25.9794
1.73439	25.9687
1.75105	25.9462
1.76673	25.9583
1.78126	26.0088
1.80055	25.9001
1.81425	25.9764
1.83281	25.8958
1.84591	25.9879
1.86356	25.9377
1.88066	25.906
1.89624	25.92
1.91361	25.882
1.93157	25.8289
1.94418	25.9258
1.96373	25.8303
1.97913	25.8492
1.99477	25.8611
2.0157	25.7362
2.03327	25.7008
2.04829	25.7297
2.06396	25.7419
2.08034	25.7366
2.11088	25.3998
2.11994	25.5676
2.1323	25.6569
2.15271	25.5625
2.16506	25.6495
2.18597	25.547
2.19183	25.7728
2.2169	25.5817
2.23503	25.5426
2.26591	25.2453
2.27532	25.3866
2.28569	25.5065
2.2939	25.6677
2.31921	25.4889
2.35922	25.0406
2.3668	25.2076
2.39671	24.9635
2.41405	24.9515
2.41693	25.1965
2.42986	25.2601
2.44745	25.2404
2.45431	25.4088
2.46492	25.5096
2.47782	25.5689
2.4874	25.6849
2.51459	25.4969
2.52285	25.6329
2.54019	25.6142
2.56684	25.4427
2.57022	25.6546
2.5872	25.6421
2.60245	25.6578
2.62036	25.6307
2.63224	25.6996
2.65304	25.6273
2.66824	25.6433
2.6843	25.6458
2.70249	25.6159
2.71864	25.6173
2.73058	25.6813
2.75024	25.6302
2.76829	25.6036
2.7829	25.6273
2.7961	25.6709
2.81662	25.6095
2.83215	25.6196
2.84843	25.619
2.8658	25.6033
2.88023	25.6282
2.89783	25.6096
2.91526	25.5937
2.93191	25.5884
2.94799	25.5907
2.96401	25.5938
2.97757	25.6289
2.99689	25.589
3.01451	25.5716
3.02867	25.5983
3.04481	25.5997
3.06118	25.5983
3.07885	25.5807
3.09518	25.5798
3.11289	25.5622
3.12704	25.5879
3.14451	25.5733
3.16139	25.5661
3.17669	25.5775
3.19378	25.5678
3.21014	25.5668
3.2231	25.6051
3.24172	25.5778
3.26025	25.5521
3.27508	25.5684
3.28963	25.5877
3.30715	25.5737
3.32365	25.5711
3.3396	25.5746
3.35835	25.5475
3.37077	25.5894
3.38596	25.6009
3.40643	25.5557
3.42325	25.55
3.43723	25.5742
3.45152	25.595
3.47102	25.5612
3.48639	25.5705
3.5026	25.5711
3.5213	25.5463
3.53912	25.5308
3.55165	25.5686
3.57003	25.5476
3.58348	25.5757
3.60347	25.5389
3.61728	25.5632
3.63485	25.5506
3.65238	25.5385
3.66855	25.5397
3.68532	25.5351
3.70048	25.5458
3.71857	25.5288
3.73098	25.5653
3.75094	25.5308
3.76723	25.5309
3.78361	25.5301
3.79835	25.5443
3.81343	25.5553
3.83155	25.5386
3.84757	25.541
3.86349	25.5443
3.88186	25.5258
3.89595	25.5453
3.91052	25.5604
3.92781	25.5515
3.94421	25.5505
3.96182	25.539
3.97609	25.5564
3.99565	25.5283
4.012	25.5278
4.02838	25.5271
4.04347	25.5372
4.05894	25.5441
4.07433	25.5516
4.09391	25.5242
4.1103	25.5235
4.1256	25.5317
4.14087	25.54
4.15936	25.5222
4.17381	25.5371
4.19229	25.5195
4.20755	25.5278
4.22155	25.5461
4.24108	25.5204
4.25559	25.5345
4.27511	25.5092
4.29048	25.5165
4.30366	25.5407
4.32011	25.5395
4.33649	25.5388
4.35715	25.5054
4.37125	25.5222
4.38755	25.5222
4.40292	25.5292
4.42143	25.5126
4.43666	25.5206
4.45119	25.5337
4.47153	25.5039
4.48652	25.5136
4.50444	25.5018
4.51972	25.5093
4.53804	25.4947
4.55306	25.5041
4.56889	25.5075
4.58608	25.5012
4.60177	25.5056
4.61909	25.4985
4.63525	25.4996
4.65253	25.4928
4.66833	25.4964
4.68472	25.4959
4.70051	25.4996
4.71329	25.5239
4.73258	25.5034
4.74928	25.5007
4.7653	25.5027
4.78203	25.4999
4.79808	25.5017
4.81233	25.5155
4.82991	25.507
4.84601	25.5084
4.8614	25.5145
4.88001	25.4993
4.89337	25.5187
4.91272	25.4987
4.93143	25.4831
4.94676	25.4896
4.95878	25.5174
4.97624	25.5099
4.99382	25.5018
5.0116	25.4924
5.02772	25.4937
5.04392	25.4944
5.06235	25.4811
5.07472	25.5059
5.09081	25.5073
5.1107	25.485
5.12577	25.4928
5.14008	25.5052
5.15548	25.5108
5.1737	25.499
5.19249	25.4839
5.2074	25.4925
5.22428	25.4891
5.2402	25.4916
5.25657	25.4912
5.27468	25.4805
5.29081	25.4817
5.30727	25.4809
5.3237	25.4803
5.33879	25.4876
5.35538	25.486
5.37192	25.4847
5.38831	25.4843
5.4066	25.4729
5.41976	25.4913
5.43748	25.4832
5.45058	25.5017
5.467	25.5011
5.48668	25.4819
5.50399	25.4763
5.51809	25.4889
5.5344	25.489
5.54984	25.4939
5.56854	25.4806
5.58489	25.4805
5.59897	25.4929
5.61772	25.4795
5.6337	25.4814
5.64821	25.4914
5.66677	25.4791
5.68185	25.4859
5.69953	25.4785
5.71376	25.4899
5.73297	25.4743
5.7488	25.477
5.76516	25.4768
5.77991	25.4853
5.79878	25.4717
5.81396	25.4778
5.83107	25.4737
5.84731	25.4741
5.8644	25.4702
5.87825	25.4832
5.89746	25.4681
5.91298	25.4723
5.93066	25.4653
5.94386	25.4815
5.95915	25.4869
5.97749	25.4765
5.99536	25.4686
6.01185	25.4678
6.02927	25.4623
6.0414	25.4836
6.0607	25.4686
6.077	25.4688
6.09399	25.4655
6.11006	25.4668
6.12312	25.4831
6.14262	25.4674
6.15889	25.4677
6.176	25.4639
6.19201	25.4655
6.20529	25.4805
6.22471	25.4653
6.2378	25.4811
6.2575	25.4648
6.27365	25.4657
6.29026	25.4643
6.30412	25.4763
6.32335	25.4623
6.33919	25.4647
6.35464	25.4689
6.37219	25.4632
6.38858	25.4629
6.40496	25.4627
6.41891	25.474
6.43871	25.4577
6.4526	25.4691
6.47057	25.4615
6.4835	25.4774
6.49897	25.4813
6.51839	25.467
6.53296	25.4752
6.55155	25.4648
6.56799	25.4643
6.58424	25.4647
6.59939	25.4701
6.61568	25.4703
6.63461	25.4585
6.64854	25.4694
6.66652	25.462
6.68269	25.4628
6.6968	25.4727
6.71724	25.4544
6.73276	25.458
6.74813	25.4624
6.76358	25.4663
6.78064	25.4631
6.79637	25.4658
6.81355	25.4621
6.83005	25.4613
6.84722	25.4577
6.86508	25.4511
6.88004	25.4571
6.89564	25.4603
6.91164	25.4618
6.92704	25.4658
6.94596	25.4547
6.95953	25.4666
6.97954	25.4509
6.99393	25.4592
7.00997	25.4605
7.02537	25.4645
7.04071	25.4687
7.05721	25.468
7.07557	25.4595
7.09122	25.4624
7.10866	25.4578
7.12597	25.4537
7.14027	25.4622
7.15641	25.463
7.17435	25.4564
7.18917	25.4627
7.20781	25.4532
7.22297	25.4581
7.2386	25.461
7.25608	25.4563
7.27017	25.4655
7.28654	25.4654
7.30506	25.4565
7.32014	25.4616
7.33666	25.4609
7.35448	25.4549
7.37216	25.4496
7.38713	25.4551
7.40344	25.4552
7.41861	25.4599
7.43392	25.4639
7.45254	25.4549
7.469	25.4544
7.48506	25.4556
7.50044	25.4593
7.5182	25.4538
7.53453	25.4538
7.55242	25.4478
7.56908	25.4466
7.58359	25.4537
7.6007	25.4508
7.61858	25.4448
7.63278	25.4531
7.64926	25.4526
7.66689	25.4477
7.68368	25.446
7.69526	25.4641
7.71457	25.4528
7.73011	25.4559
7.74753	25.4518
7.76367	25.4526
7.77814	25.4596
7.79673	25.4512
7.81288	25.4519
7.82635	25.4626
7.84716	25.446
7.86221	25.4508
7.87543	25.4624
7.89369	25.4553
7.91011	25.455
7.92466	25.4616
7.9419	25.4583
7.96049	25.45
7.9747	25.4579
7.99227	25.4534
8.00749	25.4575
8.02481	25.4539
8.043	25.4472
8.05887	25.4489
8.07425	25.4524
8.08934	25.4569
8.10798	25.4487
8.12442	25.4484
8.14074	25.4484
8.154	25.4594
8.17354	25.4481
8.18764	25.456
8.20628	25.4479
8.22244	25.4486
8.24053	25.4424
8.25511	25.4487
8.27184	25.4473
8.28695	25.4516
8.30324	25.4518
8.32067	25.448
8.33611	25.4512
8.35366	25.447
8.37126	25.4427
8.38653	25.4464
8.40069	25.454
8.42044	25.4422
8.43252	25.4569
8.44984	25.4535
8.46527	25.4567
8.48521	25.4444
8.50133	25.4452
8.51766	25.4452
8.53381	25.4459
8.54911	25.4495
8.56458	25.4524
8.58206	25.4486
8.5992	25.4459
8.61587	25.4449
8.63214	25.4451
8.6464	25.4521
8.66501	25.4445
8.68007	25.4488
8.69751	25.4452
8.7143	25.4437
8.73069	25.4436
8.74374	25.4545
8.76231	25.4472
8.77872	25.447
8.7961	25.4436
8.81241	25.4437
8.82781	25.4468
8.84549	25.4425
8.86166	25.4431
8.87812	25.4427
8.89465	25.4421
8.91079	25.4428
8.92684	25.4438
8.94237	25.4464
8.9588	25.4461
8.97411	25.4495
8.99345	25.4399
9.00915	25.442
9.02446	25.4453
9.04084	25.4452
9.0551	25.4518
9.07458	25.4419
9.09108	25.4414
9.10812	25.4393
9.12362	25.4419
9.13824	25.4474
9.15666	25.4409
9.17445	25.4364
9.18914	25.4416
9.20567	25.441
9.22219	25.4405
9.23824	25.4414
9.25352	25.4447
9.26994	25.4445
9.28655	25.4437
9.30187	25.4469
9.32039	25.4402
9.33459	25.4468
9.35325	25.4398
9.36855	25.443
9.3847	25.4436
9.40234	25.4397
9.41643	25.4465
9.43384	25.4433
9.44918	25.4463
9.46882	25.4364
9.48304	25.4428
9.50064	25.4391
9.51572	25.4429
9.53463	25.4353
9.55127	25.4344
9.56605	25.4391
9.58217	25.4398
9.59893	25.4386
9.61535	25.4384
9.63143	25.4392
9.64583	25.445
9.66448	25.4382
9.68088	25.438
9.69404	25.4474
9.71237	25.4416
9.72877	25.4415
9.74515	25.4414
9.76056	25.4441
9.77601	25.4467
9.79557	25.4374
9.81269	25.4352
9.82834	25.4372
9.84478	25.437
9.86009	25.44
9.87643	25.44
9.89158	25.4435
9.90797	25.4434
9.92533	25.4405
9.94269	25.4376
9.95932	25.4368
9.97575	25.4366
9.98902	25.4453
